11111111111111111111111111111111111111111111111111111111111111111
11111111111111111111111111111111111111111111111111111111111111111
11111111111111111111111111111111111111111111111111111111111111111
11111111111111111111111111111111111111111111111111111111111111111
11111111111111111111111114411444114414411111111111111111111111111
11111111111111111111111114411444114414411111111111111111111111111
11111111111111111111111114411444114414411111111111111111111111111
11111111111111111111111115511555115115511111111111111111111111111
11111111111111111111100000000000000000000000000111111111111111111
11111111111111111111100000000000000000000000000111111111111111111
11111111111111111111100000000000000000000000000111111111111111111
11111111111111111111100000000000000000000000000111111111111111111
11111111111111111111100000001000010000000000000111111111111111111
11111111111111111111100001511555115015551100000111111111111111111
11111111111111111111100001511515115115111100000111111111111111111
11111111111111111111100001011010110110111110000111111111111111111
11111111111111111111100011000000000000000111100111111111111111111
11111111111111111111100000000000000000000111144111111111111111111
11111111111111111111100000000200200202000100000111111111111111111
11111111111111111111100000000000000000000100000111111111111111111
11111111111111111111101110310003010031000100030111111111111111111
11111111111111111111111111111111111111100100111111111111111111111
11111111111111111111110000000000000000000144111111111111111111111
11111111111111111111110700000000000000000100000111111111111111111
11111111111111111111110000000000000000000100000111111111111111111
11111111111111111111111111111111111111111100000111111111111111111
11111111111111111111111111111000000000001103000111111111111111111
11111111111111111111111111111000000000001111100111111111111111111
11111111111111111111111111111000000000001111144111111111111111111
11111111111111111111111111111044004400441100000111111111111111111
11111111111111111111111111111000000000001100000111111111111111111
11111111111111111111111111110000000000021100000111111111111111111
11111111111100000000000000000000000000021100030111111111111111111
11111111111100000000000000000003000300031100111111111111111111111
11111111111100000000000000220011001100111144101111111111111111111
11111111111100000000000000555000000000001100000111111111111111111
11111111111144444444444444555000000000001100000111111111111111111
00000005501144444444444444115000000000001103000111111111111111111
00000005500055555555555555111000000000001111100011111111111111111
00000005500055656565656565111000000000001111100111111111111111111
00000006500000000000000000011100000000000002000111111111111111111
00000005500000000000000000011000000000000000000111111111111111111
00000005500100310031003100311100010101000000001111111111111111111
11111111111111111111111111111111111111111111111111111111111111111
11111111111111111111111111111111111111111111111111111111111111111
11111111111111111111111111111111111111111111111111111111111111111
11111111111111111111111111111111111111111111111111111111111111111
11111111111111111111111111111111111111111111111111111111111111111
11111111111111111111111111111111111111111111111111111111111111111
11111111111111111111111111111111111111111111111111111111111111111
11111111111111111111111111111111111111111111111111111111111111111
11111111111111111111111111111111111111111111111111111111111111111
11111111111111111111111111111111111111111111111111111111111111111
11111111111111111111111111111111111111111111111111111111111111111
11111111111111111111111111111111111111111111111111111111111111111
11111111111111111111111111111111111111111111111111111111111111111
11111111111111111111111111111111111111111111111111111111111111111
11111111111111111111111111111111111111111111111111111111111111111
11111111111111111111111111111111111111111111111111111111111111111
11111111111111111111111111111111111111111111111111111111111111111
11111111111111111111111111111111111111111111111111111111111111111
11111111111111111111111111111111111111111111111111111111111111111