00000000000000000000000000000000000000000000000000
00000000000000000000000000000000000000000000000000
00000000000000000000000000000000000000000000000000
00000000000000000000000000000000000000000000000000
00000000000000000000000000000000000000000000000000
00000000000000000000000000000000000000000000000000
00000000000000000000000000000000000000000000000000
00000000000000000000000000000000000000000000000000
00000444000000000000000000014444410000000000000000
00000444000000000000011100011444110000000000000000
00000000000000000000000000001101100000000000000000
00000000000003000111000000001000100000000000000000
00000000000000000000000000000000000000000000000000
00000000000001110000000000000000000000000000000000
00000000111000000000000000000000000000000000000000
11111111111111111111111111111111111111111111111111
