00000000000000000000000000
00000000000000000000000000
00000000000000000000000000
00000000000000000000000000
00000000000000000000000000
00000000000000000000000000
00000000000000000000000000
00000000000000000000000000
00000000000000000001111100
00000000000000000011111111
00000000000000000111111111
00000000000000000055011111
00000000000000000055000111
00000000000000000055000111
00000000000000000055000111
11111111111111111111000111
11111111111111111111000111
11111111111111111111000111
11100000000000000000000111
11100000000000000000000111
11100000000000000000000111
11100440000000000000000111
11100441000000000000000111
11100441110000000000000111
11100051111000000000000111
11100051111111100000000111
11100051111111111111111111
11100051111111111111111111
11100051111111111114111111
11100051111111111144411111
11100051111111111444441111
11100051111111111444441111
11100000000000000000001111
11100000000000000000001111
11100002000000000000000551
11100011141414111100000551
11100011130303111100002551
11130311111111111100001551
11111111111111111130301551
11111111111111111111111551
11111111111111111111111551
11111111111111111111111551
11111111111111111111111551
11111144411114444111111551
11111144411114444111111551
11111144441114444411111551
11120000000000000000000551
11100000000000000000000551
11111000001000000010011111
11100000000000000000000111
11103030303030303033000111
11111111111111111111111111